0 FILE 10281 - main.ldr
0 main
0 Name: 10281 - main.ldr
0 Author: Orion Pobursky [OrionP]
0 !LDRAW_ORG Model
0 !LICENSE Redistributable under CCAL version 2.0 : see CAreadme.txt

1 16 0 -132 0 1 0 0 0 1 0 0 0 1 10281 - step1-13.ldr
0 STEP
1 308 0 -148 0 0.94 0 -0.342 0 1 0 0.342 0 0.94 10281 - step14-54.ldr
0 STEP
1 28 -70 -172 -90 0.97 0.141 -0.199 -0.171 0.975 -0.141 0.174 0.171 0.97 98138.dat
1 330 -70 -172 -70 1 0 0 0 1 0 0 0 1 98138.dat
1 78 -50 -172 -70 0.852 0.31 0.423 -0.406 0.9 0.157 -0.332 -0.306 0.893 98138.dat
1 84 -50 -172 -90 0.985 0.174 0 -0.174 0.985 0 0 0 1 98138.dat
1 330 -31 -172 -70 -0.175 0.549 0.817 0.321 0.817 -0.48 -0.931 0.179 -0.319 98138.dat
1 84 -30 -172 -90 1 0 0 0 0.985 -0.174 0 0.174 0.985 98138.dat
1 330 10 -172 -90 1 0 0 0 1 0 0 0 1 98138.dat
1 330 -70 -172 -110 0.97 -0.171 0.174 0.201 0.965 -0.171 -0.138 0.201 0.97 98138.dat
1 28 -50 -172 -110 0.985 -0.174 0 0.171 0.97 0.174 -0.03 -0.171 0.985 98138.dat
1 330 -30 -172 -110 0.985 -0.171 0.03 0.174 0.97 -0.171 0 0.174 0.985 98138.dat
1 330 -10 -172 -110 1 0 0 0 1 0 0 0 1 98138.dat
1 28 50 -172 -110 0.975 -0.141 0.171 0.171 0.97 -0.174 -0.141 0.199 0.97 98138.dat
1 28 70 -172 -70 0.94 0.342 0 -0.342 0.94 0 0 0 1 98138.dat
1 84 30 -172 -90 1 0 0 0 1 0 0 0 1 98138.dat
1 78 70 -172 -110 0.965 -0.201 0.171 0.171 0.97 0.174 -0.201 -0.138 0.97 98138.dat
1 78 50 -172 -90 1 0 0 0 0.985 0.174 0 -0.174 0.985 98138.dat
1 28 4 -172 -110 0.423 0.906 0 -0.906 0.423 0 0 0 1 98138.dat
1 78 30 -172 -110 0.5 0.866 0 -0.866 0.5 0 0 0 1 98138.dat
1 78 -9 -172 -97 1 0 0 0 0.342 -0.94 0 0.94 0.342 98138.dat
1 78 11 -172 -70 1 0 0 0 1 0 0 0 1 98138.dat
1 28 31 -172 -69 0.985 -0.168 0.045 0.174 0.951 -0.255 0 0.259 0.966 98138.dat
1 28 -70 -172 -50 0.768 -0.059 -0.638 -0.059 0.985 -0.163 0.638 0.163 0.753 98138.dat
1 28 -70 -172 -10 0.852 -0.31 -0.423 0.342 0.94 0 0.397 -0.145 0.906 98138.dat
1 330 -50 -172 -50 0.342 0.243 0.908 0 0.966 -0.259 -0.94 0.089 0.33 98138.dat
1 84 -70 -172 -30 0.866 0.129 0.483 0 0.966 -0.259 -0.5 0.224 0.837 98138.dat
1 78 -70 -172 10 0.998 -0.059 -0.01 0.059 0.94 0.337 -0.01 -0.337 0.942 98138.dat
1 330 -70 -172 30 0.908 -0.356 0.222 0.243 0.877 0.414 -0.342 -0.321 0.883 98138.dat
1 84 -72 -172 50 0.906 0.423 0 -0.423 0.906 0 0 0 1 98138.dat
1 78 -50 -172 51 0.94 -0.31 -0.145 0 0.423 -0.906 0.342 0.852 0.397 98138.dat
1 330 -70 -172 70 -0.278 0.575 0.77 0.506 0.769 -0.392 -0.817 0.28 -0.504 98138.dat
1 28 -70 -172 92 1 0 0 0 0.766 0.643 0 -0.643 0.766 98138.dat
1 84 -50 -172 90 1 0 0 0 0.906 -0.423 0 0.423 0.906 98138.dat
1 78 -68 -172 110 0.906 -0.423 0 0.423 0.906 0 0 0 1 98138.dat
1 330 -50 -172 110 -0.453 0.211 0.866 0.423 0.906 0 -0.785 0.366 -0.5 98138.dat
1 28 -30 -172 88 1 0 0 0 0.866 -0.5 0 0.5 0.866 98138.dat
1 28 -57 -172 72 0.612 0.612 0.5 -0.707 0.707 0 -0.354 -0.354 0.866 98138.dat
1 78 -30 -172 108 1 0 0 0 0.906 -0.423 0 0.423 0.906 98138.dat
1 330 -10 -172 90 1 0 0 0 0.985 -0.174 0 0.174 0.985 98138.dat
1 84 -10 -172 110 1 0 0 0 1 0 0 0 1 98138.dat
1 330 10 -172 109 1 0 0 0 0.966 -0.259 0 0.259 0.966 98138.dat
1 84 10 -172 90 1 0 0 0 0.766 -0.643 0 0.643 0.766 98138.dat
1 78 30 -172 88 1 0 0 0 0.766 -0.643 0 0.643 0.766 98138.dat
1 28 29 -172 110 0.176 -0.961 -0.212 0.905 0.243 -0.349 0.387 -0.131 0.913 98138.dat
1 84 48 -172 90 0.966 0.259 0 -0.259 0.966 0 0 0 1 98138.dat
1 330 50 -172 110 0.866 0.5 0 -0.5 0.866 0 0 0 1 98138.dat
1 28 70 -172 90 0.966 -0.259 0 0.259 0.966 0 0 0 1 98138.dat
1 78 69 -172 110 -0.883 0.321 -0.342 0.342 0.94 0 0.321 -0.117 -0.94 98138.dat
1 28 31 -172 75 0.954 -0.049 0.296 -0.203 0.62 0.758 -0.221 -0.783 0.582 98138.dat
1 330 50 -172 71 0.988 0.145 -0.056 -0.109 0.906 0.408 0.11 -0.397 0.911 98138.dat
1 78 69 -172 70 0.906 0.423 0 -0.423 0.906 0 0 0 1 98138.dat
1 84 70 -172 -90 0.97 -0.171 0.174 0.141 0.975 0.171 -0.199 -0.141 0.97 98138.dat
1 330 48 -172 -73 0.745 0.649 -0.155 -0.503 0.393 -0.77 -0.439 0.651 0.619 98138.dat
1 78 67 -172 -50 0.664 0.242 0.707 -0.342 0.94 0 -0.664 -0.242 0.707 98138.dat
1 28 67 -172 -30 0.906 0.423 0 -0.423 0.906 0 0 0 1 98138.dat
1 84 70 -172 -10 0.94 -0.342 0 0.342 0.94 0 0 0 1 98138.dat
1 330 71 -172 10 0.906 -0.423 0 0.423 0.906 0 0 0 1 98138.dat
1 78 68 -172 30 0.766 0.643 0 -0.643 0.766 0 0 0 1 98138.dat
1 330 51 -172 30 0.574 0.628 0.527 0.28 0.454 -0.846 -0.77 0.633 0.084 98138.dat
1 84 50 -172 53 1 0 0 0 0.866 0.5 0 -0.5 0.866 98138.dat
1 28 70 -172 50 1 0 0 0 1 0 0 0 1 98138.dat
1 28 -75 -164 -95 0.97 0.141 -0.199 -0.171 0.975 -0.141 0.174 0.171 0.97 98138.dat
1 330 -75 -164 -75 1 0 0 0 1 0 0 0 1 98138.dat
1 78 -55 -164 -75 0.852 0.31 0.423 -0.406 0.9 0.157 -0.332 -0.306 0.893 98138.dat
1 84 -55 -164 -95 0.985 0.174 0 -0.174 0.985 0 0 0 1 98138.dat
1 330 -36 -164 -75 -0.175 0.549 0.817 0.321 0.817 -0.48 -0.931 0.179 -0.319 98138.dat
1 84 -35 -164 -95 1 0 0 0 0.985 -0.174 0 0.174 0.985 98138.dat
1 330 5 -164 -95 1 0 0 0 1 0 0 0 1 98138.dat
1 330 -75 -164 -115 0.97 -0.171 0.174 0.201 0.965 -0.171 -0.138 0.201 0.97 98138.dat
1 28 -55 -164 -115 0.985 -0.174 0 0.171 0.97 0.174 -0.03 -0.171 0.985 98138.dat
1 330 -35 -164 -115 0.985 -0.171 0.03 0.174 0.97 -0.171 0 0.174 0.985 98138.dat
1 330 -15 -164 -115 1 0 0 0 1 0 0 0 1 98138.dat
1 28 45 -164 -115 0.975 -0.141 0.171 0.171 0.97 -0.174 -0.141 0.199 0.97 98138.dat
1 28 65 -164 -75 0.94 0.342 0 -0.342 0.94 0 0 0 1 98138.dat
1 84 25 -164 -95 1 0 0 0 1 0 0 0 1 98138.dat
1 78 65 -164 -115 0.965 -0.201 0.171 0.171 0.97 0.174 -0.201 -0.138 0.97 98138.dat
1 78 45 -164 -95 1 0 0 0 0.985 0.174 0 -0.174 0.985 98138.dat
1 28 -1 -164 -115 0.423 0.906 0 -0.906 0.423 0 0 0 1 98138.dat
1 78 25 -164 -115 0.5 0.866 0 -0.866 0.5 0 0 0 1 98138.dat
1 78 -14 -164 -102 1 0 0 0 0.342 -0.94 0 0.94 0.342 98138.dat
1 78 6 -164 -75 1 0 0 0 1 0 0 0 1 98138.dat
1 28 26 -164 -74 0.985 -0.168 0.045 0.174 0.951 -0.255 0 0.259 0.966 98138.dat
1 28 -75 -164 -55 0.768 -0.059 -0.638 -0.059 0.985 -0.163 0.638 0.163 0.753 98138.dat
1 28 -75 -164 -15 0.852 -0.31 -0.423 0.342 0.94 0 0.397 -0.145 0.906 98138.dat
1 330 -55 -164 -55 0.342 0.243 0.908 0 0.966 -0.259 -0.94 0.089 0.33 98138.dat
1 84 -75 -164 -35 0.866 0.129 0.483 0 0.966 -0.259 -0.5 0.224 0.837 98138.dat
1 78 -75 -164 5 0.998 -0.059 -0.01 0.059 0.94 0.337 -0.01 -0.337 0.942 98138.dat
1 330 -75 -164 25 0.908 -0.356 0.222 0.243 0.877 0.414 -0.342 -0.321 0.883 98138.dat
1 84 -77 -164 45 0.906 0.423 0 -0.423 0.906 0 0 0 1 98138.dat
1 78 -55 -164 46 0.94 -0.31 -0.145 0 0.423 -0.906 0.342 0.852 0.397 98138.dat
1 330 -75 -164 65 -0.278 0.575 0.77 0.506 0.769 -0.392 -0.817 0.28 -0.504 98138.dat
1 28 -75 -164 87 1 0 0 0 0.766 0.643 0 -0.643 0.766 98138.dat
1 84 -55 -164 85 1 0 0 0 0.906 -0.423 0 0.423 0.906 98138.dat
1 78 -73 -164 105 0.906 -0.423 0 0.423 0.906 0 0 0 1 98138.dat
1 330 -55 -164 105 -0.453 0.211 0.866 0.423 0.906 0 -0.785 0.366 -0.5 98138.dat
1 28 -35 -164 83 1 0 0 0 0.866 -0.5 0 0.5 0.866 98138.dat
1 28 -62 -164 67 0.612 0.612 0.5 -0.707 0.707 0 -0.354 -0.354 0.866 98138.dat
1 78 -35 -164 103 1 0 0 0 0.906 -0.423 0 0.423 0.906 98138.dat
1 330 -15 -164 85 1 0 0 0 0.985 -0.174 0 0.174 0.985 98138.dat
1 84 -15 -164 105 1 0 0 0 1 0 0 0 1 98138.dat
1 330 5 -164 104 1 0 0 0 0.966 -0.259 0 0.259 0.966 98138.dat
1 84 5 -164 85 1 0 0 0 0.766 -0.643 0 0.643 0.766 98138.dat
1 78 25 -164 83 1 0 0 0 0.766 -0.643 0 0.643 0.766 98138.dat
1 28 24 -164 105 0.176 -0.961 -0.212 0.905 0.243 -0.349 0.387 -0.131 0.913 98138.dat
1 84 43 -164 85 0.966 0.259 0 -0.259 0.966 0 0 0 1 98138.dat
1 330 45 -164 105 0.866 0.5 0 -0.5 0.866 0 0 0 1 98138.dat
1 28 65 -164 85 0.966 -0.259 0 0.259 0.966 0 0 0 1 98138.dat
1 78 64 -164 105 -0.883 0.321 -0.342 0.342 0.94 0 0.321 -0.117 -0.94 98138.dat
1 28 26 -164 70 0.954 -0.049 0.296 -0.203 0.62 0.758 -0.221 -0.783 0.582 98138.dat
1 330 45 -164 66 0.988 0.145 -0.056 -0.109 0.906 0.408 0.11 -0.397 0.911 98138.dat
1 78 64 -164 65 0.906 0.423 0 -0.423 0.906 0 0 0 1 98138.dat
1 84 65 -164 -95 0.97 -0.171 0.174 0.141 0.975 0.171 -0.199 -0.141 0.97 98138.dat
1 330 43 -164 -78 0.745 0.649 -0.155 -0.503 0.393 -0.77 -0.439 0.651 0.619 98138.dat
1 78 62 -164 -55 0.664 0.242 0.707 -0.342 0.94 0 -0.664 -0.242 0.707 98138.dat
1 28 62 -164 -35 0.906 0.423 0 -0.423 0.906 0 0 0 1 98138.dat
1 84 65 -164 -15 0.94 -0.342 0 0.342 0.94 0 0 0 1 98138.dat
1 330 66 -164 5 0.906 -0.423 0 0.423 0.906 0 0 0 1 98138.dat
1 78 63 -164 25 0.766 0.643 0 -0.643 0.766 0 0 0 1 98138.dat
1 330 46 -164 25 0.574 0.628 0.527 0.28 0.454 -0.846 -0.77 0.633 0.084 98138.dat
1 84 45 -164 48 1 0 0 0 0.866 0.5 0 -0.5 0.866 98138.dat
1 28 65 -164 45 1 0 0 0 1 0 0 0 1 98138.dat
1 28 -65 -156 -85 0.97 0.141 -0.199 -0.171 0.975 -0.141 0.174 0.171 0.97 98138.dat
1 330 -65 -156 -65 1 0 0 0 1 0 0 0 1 98138.dat
1 78 -45 -156 -65 0.852 0.31 0.423 -0.406 0.9 0.157 -0.332 -0.306 0.893 98138.dat
1 84 -45 -156 -85 0.985 0.174 0 -0.174 0.985 0 0 0 1 98138.dat
1 330 -26 -156 -65 -0.175 0.549 0.817 0.321 0.817 -0.48 -0.931 0.179 -0.319 98138.dat
1 84 -25 -156 -85 1 0 0 0 0.985 -0.174 0 0.174 0.985 98138.dat
1 330 15 -156 -85 1 0 0 0 1 0 0 0 1 98138.dat
1 330 -65 -156 -105 0.97 -0.171 0.174 0.201 0.965 -0.171 -0.138 0.201 0.97 98138.dat
1 28 -45 -156 -105 0.985 -0.174 0 0.171 0.97 0.174 -0.03 -0.171 0.985 98138.dat
1 330 -25 -156 -105 0.985 -0.171 0.03 0.174 0.97 -0.171 0 0.174 0.985 98138.dat
1 330 -5 -156 -105 1 0 0 0 1 0 0 0 1 98138.dat
1 28 55 -156 -105 0.975 -0.141 0.171 0.171 0.97 -0.174 -0.141 0.199 0.97 98138.dat
1 28 75 -156 -65 0.94 0.342 0 -0.342 0.94 0 0 0 1 98138.dat
1 84 35 -156 -85 1 0 0 0 1 0 0 0 1 98138.dat
1 78 75 -156 -105 0.965 -0.201 0.171 0.171 0.97 0.174 -0.201 -0.138 0.97 98138.dat
1 78 55 -156 -85 1 0 0 0 0.985 0.174 0 -0.174 0.985 98138.dat
1 28 9 -156 -105 0.423 0.906 0 -0.906 0.423 0 0 0 1 98138.dat
1 78 35 -156 -105 0.5 0.866 0 -0.866 0.5 0 0 0 1 98138.dat
1 78 -4 -156 -92 1 0 0 0 0.342 -0.94 0 0.94 0.342 98138.dat
1 78 16 -156 -65 1 0 0 0 1 0 0 0 1 98138.dat
1 28 36 -156 -64 0.985 -0.168 0.045 0.174 0.951 -0.255 0 0.259 0.966 98138.dat
1 28 -65 -156 -45 0.768 -0.059 -0.638 -0.059 0.985 -0.163 0.638 0.163 0.753 98138.dat
1 28 -65 -156 -5 0.852 -0.31 -0.423 0.342 0.94 0 0.397 -0.145 0.906 98138.dat
1 330 -45 -156 -45 0.342 0.243 0.908 0 0.966 -0.259 -0.94 0.089 0.33 98138.dat
1 84 -65 -156 -25 0.866 0.129 0.483 0 0.966 -0.259 -0.5 0.224 0.837 98138.dat
1 78 -65 -156 15 0.998 -0.059 -0.01 0.059 0.94 0.337 -0.01 -0.337 0.942 98138.dat
1 330 -65 -156 35 0.908 -0.356 0.222 0.243 0.877 0.414 -0.342 -0.321 0.883 98138.dat
1 84 -67 -156 55 0.906 0.423 0 -0.423 0.906 0 0 0 1 98138.dat
1 78 -45 -156 56 0.94 -0.31 -0.145 0 0.423 -0.906 0.342 0.852 0.397 98138.dat
1 330 -65 -156 75 -0.278 0.575 0.77 0.506 0.769 -0.392 -0.817 0.28 -0.504 98138.dat
1 28 -65 -156 97 1 0 0 0 0.766 0.643 0 -0.643 0.766 98138.dat
1 84 -45 -156 95 1 0 0 0 0.906 -0.423 0 0.423 0.906 98138.dat
1 78 -63 -156 115 0.906 -0.423 0 0.423 0.906 0 0 0 1 98138.dat
1 330 -45 -156 115 -0.453 0.211 0.866 0.423 0.906 0 -0.785 0.366 -0.5 98138.dat
1 28 -25 -156 93 1 0 0 0 0.866 -0.5 0 0.5 0.866 98138.dat
1 28 -52 -156 77 0.612 0.612 0.5 -0.707 0.707 0 -0.354 -0.354 0.866 98138.dat
1 78 -25 -156 113 1 0 0 0 0.906 -0.423 0 0.423 0.906 98138.dat
1 330 -5 -156 95 1 0 0 0 0.985 -0.174 0 0.174 0.985 98138.dat
1 84 -5 -156 115 1 0 0 0 1 0 0 0 1 98138.dat
1 330 15 -156 114 1 0 0 0 0.966 -0.259 0 0.259 0.966 98138.dat
1 84 15 -156 95 1 0 0 0 0.766 -0.643 0 0.643 0.766 98138.dat
1 78 35 -156 93 1 0 0 0 0.766 -0.643 0 0.643 0.766 98138.dat
1 28 34 -156 115 0.176 -0.961 -0.212 0.905 0.243 -0.349 0.387 -0.131 0.913 98138.dat
1 84 53 -156 95 0.966 0.259 0 -0.259 0.966 0 0 0 1 98138.dat
1 330 55 -156 115 0.866 0.5 0 -0.5 0.866 0 0 0 1 98138.dat
1 28 75 -156 95 0.966 -0.259 0 0.259 0.966 0 0 0 1 98138.dat
1 78 74 -156 115 -0.883 0.321 -0.342 0.342 0.94 0 0.321 -0.117 -0.94 98138.dat
1 28 36 -156 80 0.954 -0.049 0.296 -0.203 0.62 0.758 -0.221 -0.783 0.582 98138.dat
1 330 55 -156 76 0.988 0.145 -0.056 -0.109 0.906 0.408 0.11 -0.397 0.911 98138.dat
1 78 74 -156 75 0.906 0.423 0 -0.423 0.906 0 0 0 1 98138.dat
1 84 75 -156 -85 0.97 -0.171 0.174 0.141 0.975 0.171 -0.199 -0.141 0.97 98138.dat
1 330 53 -156 -68 0.745 0.649 -0.155 -0.503 0.393 -0.77 -0.439 0.651 0.619 98138.dat
1 78 72 -156 -45 0.664 0.242 0.707 -0.342 0.94 0 -0.664 -0.242 0.707 98138.dat
1 28 72 -156 -25 0.906 0.423 0 -0.423 0.906 0 0 0 1 98138.dat
1 84 75 -156 -5 0.94 -0.342 0 0.342 0.94 0 0 0 1 98138.dat
1 330 76 -156 15 0.906 -0.423 0 0.423 0.906 0 0 0 1 98138.dat
1 78 73 -156 35 0.766 0.643 0 -0.643 0.766 0 0 0 1 98138.dat
1 84 55 -156 58 1 0 0 0 0.866 0.5 0 -0.5 0.866 98138.dat
1 28 75 -156 55 1 0 0 0 1 0 0 0 1 98138.dat
1 28 75 -156 55 1 0 0 0 1 0 0 0 1 98138.dat
1 28 75 -156 55 1 0 0 0 1 0 0 0 1 98138.dat
1 84 55 -156 58 1 0 0 0 0.866 0.5 0 -0.5 0.866 98138.dat
1 84 55 -156 58 1 0 0 0 0.866 0.5 0 -0.5 0.866 98138.dat
1 84 55 -156 58 1 0 0 0 0.866 0.5 0 -0.5 0.866 98138.dat
1 84 55 -156 58 1 0 0 0 0.866 0.5 0 -0.5 0.866 98138.dat
1 84 55 -156 58 1 0 0 0 0.866 0.5 0 -0.5 0.866 98138.dat
1 84 55 -156 58 1 0 0 0 0.866 0.5 0 -0.5 0.866 98138.dat
1 84 55 -156 58 1 0 0 0 0.866 0.5 0 -0.5 0.866 98138.dat
1 84 55 -156 58 1 0 0 0 0.866 0.5 0 -0.5 0.866 98138.dat
1 84 55 -156 58 1 0 0 0 0.866 0.5 0 -0.5 0.866 98138.dat
1 84 55 -156 58 1 0 0 0 0.866 0.5 0 -0.5 0.866 98138.dat
1 84 55 -156 58 1 0 0 0 0.866 0.5 0 -0.5 0.866 98138.dat
1 84 55 -156 58 1 0 0 0 0.866 0.5 0 -0.5 0.866 98138.dat
1 84 55 -156 58 1 0 0 0 0.866 0.5 0 -0.5 0.866 98138.dat
1 84 55 -156 58 1 0 0 0 0.866 0.5 0 -0.5 0.866 98138.dat
1 78 73 -156 35 0.766 0.643 0 -0.643 0.766 0 0 0 1 98138.dat
1 78 73 -156 35 0.766 0.643 0 -0.643 0.766 0 0 0 1 98138.dat
1 78 73 -156 35 0.766 0.643 0 -0.643 0.766 0 0 0 1 98138.dat
1 78 73 -156 35 0.766 0.643 0 -0.643 0.766 0 0 0 1 98138.dat
1 78 73 -156 35 0.766 0.643 0 -0.643 0.766 0 0 0 1 98138.dat
0 STEP
1 70 15.159 -367.422 -41.655 -0.33 -0.09 -0.94 -0.262 0.965 0 0.907 0.246 -0.342 10281 - step56-59.ldr
0 STEP
1 16 -35.49 -320.589 -146.227 -0.993 -0.09 0.076 -0.068 0.965 0.253 -0.096 0.246 -0.964 10281 - step61-68.ldr
0 STEP
1 16 -158.223 -355.756 20.088 -0.33 -0.089 -0.939 -0.262 0.965 0 0.907 0.246 -0.342 10281 - step69-1.ldr
1 16 134.142 -336.58 -21.804 0.562 -0.09 0.822 0.253 0.965 -0.068 -0.788 0.246 0.565 10281 - step69-2.ldr
0 STEP
1 70 0 0 0 1 0 0 0 1 0 0 0 1 10281 - step86-103.ldr


0 FILE 10281 - step13.ldr
0 step13
0 Name: 10281 - step13.ldr
0 Author: Orion Pobursky [OrionP]
0 !LDRAW_ORG Model
0 !LICENSE Redistributable under CCAL version 2.0 : see CAreadme.txt

1 0 0 0 0 1 0 0 0 1 0 0 0 1 2476a.dat
1 3 0 18 0 1 0 0 0 1 0 0 0 1 18654.dat
1 0 0 23 0 0 1 0 -1 0 0 0 0 1 30028.dat


0 FILE 10281 - step1-13.ldr
0 step1-13
0 Name: 10281 - step1-13.ldr
0 Author: Orion Pobursky [OrionP]
0 !LDRAW_ORG Model
0 !LICENSE Redistributable under CCAL version 2.0 : see CAreadme.txt

1 28 0 0 60 1 0 0 0 1 0 0 0 1 3036.dat
0 STEP
1 71 90 0 0 0 0 -1 0 1 0 1 0 0 99206.dat
1 71 -90 0 0 0 0 1 0 1 0 -1 0 0 99206.dat
0 STEP
1 28 0 0 -60 1 0 0 0 1 0 0 0 1 3036.dat
0 STEP
1 72 0 0 -130 1 0 0 0 1 0 0 0 1 87609.dat
1 72 90 0 -80 0 0 -1 0 1 0 1 0 0 87609.dat
1 72 -90 0 -80 0 0 1 0 1 0 -1 0 0 87609.dat
1 72 90 0 80 0 0 -1 0 1 0 1 0 0 87609.dat
1 72 -90 0 80 0 0 1 0 1 0 -1 0 0 87609.dat
1 72 0 0 130 -1 0 0 0 1 0 0 0 -1 87609.dat
0 STEP
1 15 -90 0 -30 0 0 -1 0 1 0 1 0 0 6141.dat
1 15 -90 0 30 0 0 -1 0 1 0 1 0 0 6141.dat
1 15 90 0 30 0 0 -1 0 1 0 1 0 0 6141.dat
1 15 90 0 -30 0 0 -1 0 1 0 1 0 0 6141.dat
1 71 -70 0 -130 1 0 0 0 1 0 0 0 1 3623.dat
1 71 70 0 -130 1 0 0 0 1 0 0 0 1 3623.dat
1 71 70 0 130 1 0 0 0 1 0 0 0 1 3623.dat
1 71 -70 0 130 1 0 0 0 1 0 0 0 1 3623.dat
0 STEP
1 15 0 -8 0 0 0 -1 0 1 0 1 0 0 61485.dat
1 15 -50 -8 -50 1 0 0 0 1 0 0 0 1 27263.dat
1 15 -50 -8 50 0 0 1 0 1 0 -1 0 0 27263.dat
1 15 50 -8 50 -1 0 0 0 1 0 0 0 -1 27263.dat
1 15 50 -8 -50 0 0 -1 0 1 0 1 0 0 27263.dat
0 STEP
1 15 -50 -8 -10 0 0 -1 0 1 0 1 0 0 6141.dat
1 15 50 -8 10 0 0 -1 0 1 0 1 0 0 6141.dat
1 15 -10 -8 50 0 0 -1 0 1 0 1 0 0 6141.dat
1 15 10 -8 -50 0 0 -1 0 1 0 1 0 0 6141.dat
0 STEP
1 71 -90 -24 -50 1 0 0 0 1 0 0 0 1 3005.dat
1 71 90 -24 -50 1 0 0 0 1 0 0 0 1 3005.dat
1 71 -90 -24 0 0 0 1 0 1 0 -1 0 0 30414.dat
1 71 -90 -24 -100 0 0 1 0 1 0 -1 0 0 30414.dat
1 71 90 -24 -100 0 0 -1 0 1 0 1 0 0 30414.dat
1 71 -40 -24 -130 1 0 0 0 1 0 0 0 1 30414.dat
1 71 40 -24 -130 1 0 0 0 1 0 0 0 1 30414.dat
1 71 90 -24 50 -1 0 0 0 1 0 0 0 -1 3005.dat
1 71 -90 -24 50 -1 0 0 0 1 0 0 0 -1 3005.dat
1 71 90 -24 0 0 0 -1 0 1 0 1 0 0 30414.dat
1 71 90 -24 100 0 0 -1 0 1 0 1 0 0 30414.dat
1 71 -90 -24 100 0 0 1 0 1 0 -1 0 0 30414.dat
1 71 40 -24 130 -1 0 0 0 1 0 0 0 -1 30414.dat
1 71 -40 -24 130 -1 0 0 0 1 0 0 0 -1 30414.dat
0 STEP
1 72 0 -14 -148 -1 0 0 0 0 1 0 1 0 4477.dat
1 72 108 -14 0 0 -1 0 0 0 1 -1 0 0 4477.dat
1 0 108 -14 -120 0 -1 0 0 0 1 -1 0 0 60478.dat
1 0 -108 -14 -110 0 1 0 0 0 -1 -1 0 0 60478.dat
1 72 0 -14 158 1 0 0 0 0 1 0 -1 0 4477.dat
1 0 108 -14 120 0 -1 0 0 0 -1 1 0 0 60478.dat
1 0 -108 -14 130 0 1 0 0 0 1 1 0 0 60478.dat
1 72 -108 -14 10 0 1 0 0 0 1 1 0 0 4477.dat
0 STEP
1 0 -80 -4 -140 1 0 0 0 0 -1 0 1 0 15068.dat
1 0 -40 -4 -140 1 0 0 0 0 -1 0 1 0 15068.dat
1 0 0 -4 -140 1 0 0 0 0 -1 0 1 0 15068.dat
1 0 40 -4 -140 1 0 0 0 0 -1 0 1 0 15068.dat
1 0 80 -4 -140 1 0 0 0 0 -1 0 1 0 15068.dat
1 0 100 -4 40 0 -1 0 0 0 -1 1 0 0 15068.dat
1 0 100 -4 0 0 -1 0 0 0 -1 1 0 0 15068.dat
1 0 100 -4 -40 0 -1 0 0 0 -1 1 0 0 15068.dat
1 0 100 -4 -80 0 -1 0 0 0 -1 1 0 0 15068.dat
1 0 100 -4 -120 0 -1 0 0 0 -1 1 0 0 15068.dat
1 0 100 -4 120 0 -1 0 0 0 -1 1 0 0 15068.dat
1 0 100 -4 80 0 -1 0 0 0 -1 1 0 0 15068.dat
1 0 80 -4 150 -1 0 0 0 0 -1 0 -1 0 15068.dat
1 0 40 -4 150 -1 0 0 0 0 -1 0 -1 0 15068.dat
1 0 0 -4 150 -1 0 0 0 0 -1 0 -1 0 15068.dat
1 0 -40 -4 150 -1 0 0 0 0 -1 0 -1 0 15068.dat
1 0 -80 -4 150 -1 0 0 0 0 -1 0 -1 0 15068.dat
1 0 -100 -4 -30 0 1 0 0 0 -1 -1 0 0 15068.dat
1 0 -100 -4 10 0 1 0 0 0 -1 -1 0 0 15068.dat
1 0 -100 -4 50 0 1 0 0 0 -1 -1 0 0 15068.dat
1 0 -100 -4 90 0 1 0 0 0 -1 -1 0 0 15068.dat
1 0 -100 -4 130 0 1 0 0 0 -1 -1 0 0 15068.dat
1 0 -100 -4 -110 0 1 0 0 0 -1 -1 0 0 15068.dat
1 0 -100 -4 -70 0 1 0 0 0 -1 -1 0 0 15068.dat
0 STEP
1 0 0 -32 -140 1 0 0 0 1 0 0 0 1 2445.dat
1 0 0 -32 140 1 0 0 0 1 0 0 0 1 2445.dat
1 0 100 -32 0 0 0 -1 0 1 0 1 0 0 2445.dat
1 0 -100 -32 0 0 0 -1 0 1 0 1 0 0 2445.dat
0 STEP
1 0 -100 -40 -120 0 0 -1 0 1 0 1 0 0 87079.dat
1 0 -100 -40 -40 0 0 -1 0 1 0 1 0 0 87079.dat
1 0 -100 -40 40 0 0 -1 0 1 0 1 0 0 87079.dat
1 0 -100 -40 120 0 0 -1 0 1 0 1 0 0 87079.dat
1 0 -40 -40 -140 -1 0 0 0 1 0 0 0 -1 87079.dat
1 0 40 -40 -140 -1 0 0 0 1 0 0 0 -1 87079.dat
1 0 100 -40 120 0 0 1 0 1 0 -1 0 0 87079.dat
1 0 100 -40 40 0 0 1 0 1 0 -1 0 0 87079.dat
1 0 100 -40 -40 0 0 1 0 1 0 -1 0 0 87079.dat
1 0 100 -40 -120 0 0 1 0 1 0 -1 0 0 87079.dat
1 0 40 -40 140 1 0 0 0 1 0 0 0 1 87079.dat
1 0 -40 -40 140 1 0 0 0 1 0 0 0 1 87079.dat
0 STEP
1 0 80 16 -120 0 0 1 0 1 0 -1 0 0 10281 - step13.ldr
1 0 -80 16 -120 0 0 1 0 1 0 -1 0 0 10281 - step13.ldr
1 0 80 16 120 0 0 1 0 1 0 -1 0 0 10281 - step13.ldr
1 0 -80 16 120 0 0 1 0 1 0 -1 0 0 10281 - step13.ldr


0 FILE 10281 - step14-54.ldr
0 step14-54
0 Name: 10281 - step14-54.ldr
0 Author: Orion Pobursky [OrionP]
0 !LDRAW_ORG Model
0 !LICENSE Redistributable under CCAL version 2.0 : see CAreadme.txt

1 28 0 0 0 1 0 0 0 1 0 0 0 1 11213.dat
0 STEP
1 84 -10 -8 -20 0 0 1 0 1 0 -1 0 0 92280.dat
1 84 10 -8 -20 0 0 1 0 1 0 -1 0 0 92280.dat
1 0 0 -8 30 0 0 1 0 1 0 -1 0 0 3021.dat
0 STEP
1 70 -30 -8 -20 0 0 1 0 1 0 -1 0 0 96910.dat
1 70 30 -8 -20 0 0 1 0 1 0 -1 0 0 96910.dat
0 STEP
1 70 -10 -16 -10 1 0 0 0 1 0 0 0 1 2420.dat
1 84 -10 -16 40 0 0 1 0 1 0 -1 0 0 92280.dat
0 STEP
1 0 10 -16 50 0 0 -1 0 1 0 1 0 0 32828.dat
1 84 10 -16 20 0 0 -1 0 1 0 1 0 0 92280.dat
0 STEP
1 72 0 -40 50 1 0 0 0 1 0 0 0 1 37352.dat
0 STEP
1 70 0 -22 30 0 0 -1 -0.262 0.965 0 0.965 0.262 0 10281 - step20-25.ldr
0 STEP
1 308 28 -48 60 0 -1 0 0 0 1 -1 0 0 10281 - step27.ldr
0 STEP
1 308 -28 -48 60 0 1 0 0 0 1 1 0 0 10281 - step28.ldr
0 STEP
1 70 0 -193.642 -47.686 -1 0 0 0 0.965 0.262 0 0.262 -0.965 10281 - step29-41.ldr
0 STEP
1 308 -10 -68.079 77.59 -1 0 0 0 0.262 -0.965 0 -0.965 -0.262 60477.dat
1 70 10 -68.079 77.59 -1 0 0 0 0.262 -0.965 0 -0.965 -0.262 87087.dat
0 STEP
1 308 10 -154.934 54.009 0 0 -1 0.965 0.262 0 0.262 -0.965 0 10281 - step44-48.ldr
0 STEP
1 308 44.641 -202.615 -68.069 0.866 0.5 0 0.131 -0.227 -0.965 -0.483 0.836 -0.262 10281 - step50.ldr
1 308 -44.641 -202.615 -68.069 -0.866 0.5 0 0.131 0.227 -0.965 -0.483 -0.836 -0.262 10281 - step50.ldr
1 308 -20 -210.218 28.638 -1 0 0 0 -0.262 0.965 0 0.965 0.262 10281 - step50.ldr
0 STEP
1 308 -70.912 -215.744 48.989 -0.707 -0.707 0 -0.185 0.185 -0.965 0.682 -0.682 -0.262 10281 - step50.ldr
0 STEP
1 70 10 -14 77 1 0 0 0 1 0 0 0 1 10281 - flex-cable2.ldr
1 70 10 -14 69 1 0 0 0 1 0 0 0 1 10281 - flex-cable.ldr
0 STEP
1 308 10 -51.228 71.704 -0.174 0.984 0 -0.258 -0.045 0.965 0.95 0.168 0.262 43892.dat
1 308 10 -35.71 -72.155 0 -0.259 -0.966 -0.262 0.932 -0.25 0.965 0.253 -0.068 10281 - step53.ldr
0 STEP


0 FILE 10281 - step20-25.ldr
0 step20-25
0 Name: 10281 - step20-25.ldr
0 Author: Orion Pobursky [OrionP]
0 !LDRAW_ORG Model
0 !LICENSE Redistributable under CCAL version 2.0 : see CAreadme.txt

1 0 0 -26 0 1 0 0 0 1 0 0 0 1 3021.dat
1 308 -30 -34 0 1 0 0 0 1 0 0 0 1 3795.dat
0 STEP
1 3 20 -42 0 0 0 -1 0 1 0 1 0 0 99781.dat
0 STEP
1 308 20 -50 0 0 0 -1 0 1 0 1 0 0 10281 - step22.ldr
0 STEP
1 0 -80 -42 -10 -1 0 0 0 1 0 0 0 -1 32828.dat
1 70 40 -130 10 -1 0 0 0 1 0 0 0 -1 30099.dat
1 70 40 -130 -10 -1 0 0 0 1 0 0 0 -1 30099.dat
0 STEP
1 308 -50 -34 10 0 0 1 0 1 0 -1 0 0 11477.dat
1 308 -70 -34 -10 0 0 -1 0 1 0 1 0 0 11477.dat
0 STEP
1 70 0 0 0 0 1 0 0 0 1 1 0 0 10281 - 30166.dat
1 70 -60 -8 0 0 1 0 0 0 1 1 0 0 10281 - 30166.dat


0 FILE 10281 - step22.ldr
0 step22
0 Name: 10281 - step22.ldr
0 Author: Orion Pobursky [OrionP]
0 !LDRAW_ORG Model
0 !LICENSE Redistributable under CCAL version 2.0 : see CAreadme.txt

1 0 0 0 0 1 0 0 0 1 0 0 0 1 99207.dat
1 15 0 -8 0 1 0 0 0 1 0 0 0 1 3023.dat
0 STEP
1 308 -10 -12 -22 0 0 -1 -1 0 0 0 1 0 3023.dat
1 308 10 -12 -22 0 0 -1 -1 0 0 0 1 0 3023.dat
0 STEP
1 308 0 -12 -30 0 0 -1 -1 0 0 0 1 0 4032a.dat


0 FILE 10281 - step27.ldr
0 step27
0 Name: 10281 - step27.ldr
0 Author: Orion Pobursky [OrionP]
0 !LDRAW_ORG Model
0 !LICENSE Redistributable under CCAL version 2.0 : see CAreadme.txt

1 70 0 0 0 -1 0 0 0 1 0 0 0 -1 41770.dat
1 308 20 8 -40 1 0 0 0 1 0 0 0 1 10281 - 66956.dat
0 STEP
1 70 60 0 0 1 0 0 0 1 0 0 0 1 35044.dat
0 STEP
1 70 30 -8 10 1 0 0 0 1 0 0 0 1 2450.dat
0 STEP
1 70 40 -12 40 -1 0 0 0 0 1 0 1 0 41682.dat
1 308 70 -24 30 0 0 -1 0 1 0 1 0 0 60477.dat
0 STEP
1 308 20 -8 30 0 0 1 0 1 0 -1 0 0 11477.dat
1 308 60 -16 30 0 0 1 0 1 0 -1 0 0 11477.dat


0 FILE 10281 - step28.ldr
0 step28
0 Name: 10281 - step28.ldr
0 Author: Orion Pobursky [OrionP]
0 !LDRAW_ORG Model
0 !LICENSE Redistributable under CCAL version 2.0 : see CAreadme.txt

1 70 0 0 0 -1 0 0 0 1 0 0 0 -1 41769.dat
1 308 -20 8 -40 1 0 0 0 1 0 0 0 1 10281 - 66956.dat
0 STEP
1 70 -60 0 0 0 0 1 0 1 0 -1 0 0 35044.dat
0 STEP
1 70 -30 -8 10 0 0 1 0 1 0 -1 0 0 2450.dat
0 STEP
1 70 -40 -12 40 -1 0 0 0 0 1 0 1 0 41682.dat
1 308 -70 -24 30 0 0 1 0 1 0 -1 0 0 60477.dat
0 STEP
1 308 -20 -8 30 0 0 -1 0 1 0 1 0 0 11477.dat
1 308 -60 -16 30 0 0 -1 0 1 0 1 0 0 11477.dat


0 FILE 10281 - step29-41.ldr
0 step29-41
0 Name: 10281 - step29-41.ldr
0 Author: Orion Pobursky [OrionP]
0 !LDRAW_ORG Model
0 !LICENSE Redistributable under CCAL version 2.0 : see CAreadme.txt

1 70 0 0 14.641 -0.866 0 0.5 0 1 0 -0.5 0 -0.866 2429.dat
1 70 0 0 14.641 -0.866 0 -0.5 0 1 0 0.5 0 -0.866 2430.dat
0 STEP
1 308 27.321 8 7.321 -0.866 0 0.5 0 1 0 -0.5 0 -0.866 4032a.dat
1 308 -27.321 8 7.321 -0.866 0 -0.5 0 1 0 0.5 0 -0.866 4032a.dat
0 STEP
1 70 20 0 -20 0.866 0 -0.5 0 1 0 0.5 0 0.866 2430.dat
1 70 20 0 -20 0 0 -1 0 1 0 1 0 0 2429.dat
1 70 -20 0 -20 0.866 0 0.5 0 1 0 -0.5 0 0.866 2429.dat
1 70 -20 0 -20 0 0 1 0 1 0 -1 0 0 2430.dat
0 STEP
1 70 -18.66 -24 2.321 -0.5 0 0.866 0 1 0 -0.866 0 -0.5 3004.dat
1 70 18.66 -24 2.321 0.5 0 0.866 0 1 0 -0.866 0 0.5 3004.dat
1 308 -35.981 -24 12.321 -0.5 0 0.866 0 1 0 -0.866 0 -0.5 32064a.dat
1 308 35.981 -24 12.321 0.5 0 0.866 0 1 0 -0.866 0 0.5 32064a.dat
0 STEP
1 70 0 8 -70 1 0 0 0 1 0 0 0 1 10281 - step33.ldr
0 STEP
1 70 -10 -8 -40 0 0 1 0 1 0 -1 0 0 88072.dat
1 70 10 -8 -40 0 0 -1 0 1 0 1 0 0 88072.dat
0 STEP
1 70 0 -16 -50 1 0 0 0 1 0 0 0 1 44728.dat
1 308 0 -16 -30 1 0 0 0 1 0 0 0 1 3023.dat
0 STEP
1 70 0 -32 -70 1 0 0 0 1 0 0 0 1 99206.dat
1 70 0 -24 -30 -1 0 0 0 1 0 0 0 -1 88072.dat
0 STEP
1 70 20 -32 -20 0 0 -1 0 1 0 1 0 0 2429.dat
1 70 20 -32 -20 0.866 0 -0.5 0 1 0 0.5 0 0.866 2430.dat
1 70 -20 -32 -20 0 0 1 0 1 0 -1 0 0 2430.dat
1 70 -20 -32 -20 0.866 0 0.5 0 1 0 -0.5 0 0.866 2429.dat
0 STEP
1 70 27.321 -24 7.321 -0.866 0 0.5 0 1 0 -0.5 0 -0.866 15068.dat
1 70 -27.321 -24 7.321 -0.866 0 -0.5 0 1 0 0.5 0 -0.866 15068.dat
0 STEP
1 308 0 -40 -60 1 0 0 0 1 0 0 0 1 4032a.dat
1 308 10 4 -88 0 0 1 1 0 0 0 1 0 32064a.dat
0 STEP
1 308 -10 -32 -40 -1 0 0 0 1 0 0 0 -1 11477.dat
1 70 -10 -40 -70 1 0 0 0 1 0 0 0 1 33320.dat
0 STEP
1 70 -10 4 -72 0 0 1 1 0 0 0 1 0 10281 - step41.ldr
0 STEP


0 FILE 10281 - step33.ldr
0 step33
0 Name: 10281 - step33.ldr
0 Author: Orion Pobursky [OrionP]
0 !LDRAW_ORG Model
0 !LICENSE Redistributable under CCAL version 2.0 : see CAreadme.txt

1 70 10 0 0 1 0 0 0 1 0 0 0 1 88292.dat
1 70 0 16 0 1 0 0 0 1 0 0 0 1 96910.dat
0 STEP
1 70 -10 0 0 1 0 0 0 1 0 0 0 1 88292.dat


0 FILE 10281 - step41.ldr
0 step41
0 Name: 10281 - step41.ldr
0 Author: Orion Pobursky [OrionP]
0 !LDRAW_ORG Model
0 !LICENSE Redistributable under CCAL version 2.0 : see CAreadme.txt

1 308 0 0 0 1 0 0 0 1 0 0 0 1 3023.dat
1 70 0 -8 0 1 0 0 0 1 0 0 0 1 11476.dat
0 STEP
1 70 4 -6 -20 -1 0 0 0 0 -1 0 -1 0 13564.dat


0 FILE 10281 - step44-48.ldr
0 step44-48
0 Name: 10281 - step44-48.ldr
0 Author: Orion Pobursky [OrionP]
0 !LDRAW_ORG Model
0 !LICENSE Redistributable under CCAL version 2.0 : see CAreadme.txt

1 308 0 0 0 1 0 0 0 1 0 0 0 1 3460.dat
1 308 0 -8 10 1 0 0 0 1 0 0 0 1 3795.dat
0 STEP
1 70 20 0 20 1 0 0 0 1 0 0 0 1 3666.dat
0 STEP
1 70 30 -16 0 0 0 -1 0 1 0 1 0 0 2420.dat
1 70 -80 8 10 0 0 1 0 1 0 -1 0 0 15068.dat
0 STEP
1 308 60 -24 10 0 0 -1 0 1 0 1 0 0 93606.dat
1 308 0 -8 0 0 0 1 0 1 0 -1 0 0 11477.dat
1 308 10 -32 20 0 0 1 0 1 0 -1 0 0 60477.dat


0 FILE 10281 - step50.ldr
0 step50
0 Name: 10281 - step50.ldr
0 Author: Orion Pobursky [OrionP]
0 !LDRAW_ORG Model
0 !LICENSE Redistributable under CCAL version 2.0 : see CAreadme.txt

1 4 0 0 0 1 0 0 0 1 0 0 0 1 32062.dat
1 70 0 0 0 0 -1 0 1 0 0 0 0 1 10281 - 65473.dat


0 FILE 10281 - flex-cable2.ldr
0 flex-cable2
0 Name: 10281 - flex-cable2.ldr
0 Author: Orion Pobursky [OrionP]
0 !LDRAW_ORG Model
0 !LICENSE Redistributable under CCAL version 2.0 : see CAreadme.txt

0 !CATEGORY technic
0 !KEYWORDS flexible

0 !LDCAD CONTENT [type=path] [addFallBack=default] [looped=false] [displayKind=mm] [curveStep=0] [displayLenCor=0]
0 !LDCAD PATH_POINT [type=bezier] [posOri=28.190779 -10.260604 0 0.34202 -0.939693 0 0.939693 0.34202 0 0 0 1] [prevCPDist=25] [nextCPDist=25] [cirR=20] [cirDir=xyCW] [prevYRoll=0] [nextYRoll=0]
0 !LDCAD PATH_POINT [type=bezier] [posOri=30 -56 -70 0.939693 0.219846 -0.262003 -0.34202 0.604023 -0.719846 0 0.766044 0.642788] [prevCPDist=25] [nextCPDist=25] [cirR=20] [cirDir=xyCW] [prevYRoll=0] [nextYRoll=0]
0 !LDCAD PATH_POINT [type=bezier] [posOri=-30 -96 -70 0.906308 0.422618 0 -0.408218 0.875426 0.258819 0.109382 -0.23457 0.965926] [prevCPDist=25] [nextCPDist=25] [cirR=20] [cirDir=xyCW] [prevYRoll=0] [nextYRoll=0]
0 !LDCAD PATH_POINT [type=bezier] [posOri=-40 -200 -20 0.906308 -0.422618 0 0.416198 0.892539 0.173648 -0.073387 -0.157379 0.984808] [prevCPDist=25] [nextCPDist=25] [cirR=20] [cirDir=xyCW] [prevYRoll=0] [nextYRoll=0]
0 !LDCAD PATH_POINT [type=bezier] [posOri=20.001 -209.561659 -60.281257 0.999869 0 0.000066 0.000063 -0.26198 -0.965 0.000017 0.964926 -0.262] [prevCPDist=55] [nextCPDist=25] [cirR=20] [cirDir=xyCW] [prevYRoll=0] [nextYRoll=0]

0 !LDCAD PATH_SKIN [donCol=16] [donOri=1 0 0 0 1 0 0 0 1] [donPart=27965k02.dat] [donYSize=100%] [donCen=absCen] [donCenYOfs=0] [donFinScale=fitDon2Seg] [donPlace=deform] [donYAlign=0] [donInline=false] [segSize=400%] [segSizeTol=5%] [segsCnt=0] [segsGrp=0] [segsMaxMerge=5] [segsMrgAng=0] [segsMrgRollAng=0] [segsEdgeDelKind=keepFirstLeft]

0 !LDCAD PATH_CAP [group=start] [color=16] [posOri=0 0 0 -0.342 0.94 0 -0.94 -0.342 0 0 0 1] [part=27965k01.dat] [extraLen=20] [inlineRef=false]
0 !LDCAD PATH_CAP [group=end] [color=16] [posOri=20 -201.702 -89.23 -1 0 0 0 -0.262 0.965 0 0.965 0.262] [part=27965k01.dat] [extraLen=20] [inlineRef=false]

0 !LDCAD GENERATED [generator=LDCad 1.6d]
0 //This is the fallback LDraw content for above PATH configuration.
0 // Do not edit, any changes will be lost upon regeneration.
0 // The path is approx 152.43 mm (381.07) and exists out of 85 segments.

0 //Some general hints about the document.
0 UNOFFICIAL PART
0 BFC CERTIFY CCW

0 //Some of this content has been generated from other LDraw files, many thanks to all involved.
0 // Credits for "27965k02.dat":
0 // Author: Philippe Hurbain
0 // History:
0 // 2019-06-28 [PTadmin] Official Update 2019-01
0 // Credits for "4-4cyli.dat":
0 // Author: James Jessiman
0 // History:
0 // 1998-12-15 [PTadmin] Official Update 1998-10
0 // 2002-03-23 [sbliss] Added BFC statement; merged headers from files in distributions LDraw 0.27 and Complete.
0 // 2002-04-25 [PTadmin] Official Update 2002-02
0 // 2004-12-14 [guyvivan] BFC CCW
0 // 2005-12-28 [PTadmin] Official Update 2005-01
0 // 2007-06-24 [PTadmin] Header formatted for Contributor Agreement
0 // 2008-07-01 [PTadmin] Official Update 2008-01

0 //Start cap reference(s)
1 16 0 0 0 -0.342 0.94 0 -0.94 -0.342 0 0 0 1 27965k01.dat

0 //End cap reference(s)
1 16 20 -201.702 -89.23 -1 0 0 0 -0.262 0.965 0 0.965 0.262 27965k01.dat

0 //Segments
0 // Segment 1, this block is (recursively) generated from "27965k02.dat"
4 16 29.045828 -7.911372 0 28.980759 -8.090148 0.95675 33.135887 -9.933935 0.442242 33.011448 -9.650235 -0.482741
4 16 28.980759 -8.090148 0.95675 28.795383 -8.599462 1.76775 33.062538 -10.510535 1.225592 33.135887 -9.933935 0.442242
4 16 28.795383 -8.599462 1.76775 28.518005 -9.361553 2.30975 32.802727 -11.29207 1.748262 33.062538 -10.510535 1.225592
4 16 28.518005 -9.361553 2.30975 28.190779 -10.260604 2.5 32.395847 -12.159724 1.930452 32.802727 -11.29207 1.748262
4 16 28.190779 -10.260604 2.5 27.863552 -11.159656 2.30975 31.903938 -12.981346 1.744631 32.395847 -12.159724 1.930452
4 16 27.863552 -11.159656 2.30975 27.586174 -11.921746 1.76775 31.401886 -13.631743 1.218883 31.903938 -12.981346 1.744631
4 16 27.586174 -11.921746 1.76775 27.400799 -12.43106 0.95675 30.96607 -14.01212 0.433476 31.401886 -13.631743 1.218883
4 16 27.400799 -12.43106 0.95675 27.33573 -12.609837 0 30.662905 -14.064333 -0.492229 30.96607 -14.01212 0.433476
4 16 27.33573 -12.609837 0 27.400799 -12.43106 -0.95675 30.538464 -13.780633 -1.417212 30.662905 -14.064333 -0.492229
4 16 27.400799 -12.43106 -0.95675 27.586174 -11.921746 -1.76775 30.611814 -13.204033 -2.200562 30.538464 -13.780633 -1.417212
4 16 27.586174 -11.921746 -1.76775 27.863552 -11.159656 -2.30975 30.871628 -12.422497 -2.723232 30.611814 -13.204033 -2.200562
4 16 27.863552 -11.159656 -2.30975 28.190779 -10.260604 -2.5 31.278505 -11.554844 -2.905422 30.871628 -12.422497 -2.723232
4 16 28.190779 -10.260604 -2.5 28.518005 -9.361553 -2.30975 31.770414 -10.733222 -2.719601 31.278505 -11.554844 -2.905422
4 16 28.518005 -9.361553 -2.30975 28.795383 -8.599462 -1.76775 32.272469 -10.082824 -2.193854 31.770414 -10.733222 -2.719601
4 16 28.795383 -8.599462 -1.76775 28.980759 -8.090148 -0.95675 32.708282 -9.702447 -1.408447 32.272469 -10.082824 -2.193854
4 16 28.980759 -8.090148 -0.95675 29.045828 -7.911372 0 33.011448 -9.650235 -0.482741 32.708282 -9.702447 -1.408447
5 24 33.011448 -9.650235 -0.482741 29.045828 -7.911372 0 33.135887 -9.933935 0.442242 32.708282 -9.702447 -1.408447
5 24 33.135887 -9.933935 0.442242 28.980759 -8.090148 0.95675 33.062538 -10.510535 1.225592 33.011448 -9.650235 -0.482741
5 24 33.062538 -10.510535 1.225592 28.795383 -8.599462 1.76775 32.802727 -11.29207 1.748262 33.135887 -9.933935 0.442242
5 24 32.802727 -11.29207 1.748262 28.518005 -9.361553 2.30975 32.395847 -12.159724 1.930452 33.062538 -10.510535 1.225592
5 24 32.395847 -12.159724 1.930452 28.190779 -10.260604 2.5 31.903938 -12.981346 1.744631 32.802727 -11.29207 1.748262
5 24 31.903938 -12.981346 1.744631 27.863552 -11.159656 2.30975 31.401886 -13.631743 1.218883 32.395847 -12.159724 1.930452
5 24 31.401886 -13.631743 1.218883 27.586174 -11.921746 1.76775 30.96607 -14.01212 0.433476 31.903938 -12.981346 1.744631
5 24 30.96607 -14.01212 0.433476 27.400799 -12.43106 0.95675 30.662905 -14.064333 -0.492229 31.401886 -13.631743 1.218883
5 24 30.662905 -14.064333 -0.492229 27.33573 -12.609837 0 30.538464 -13.780633 -1.417212 30.96607 -14.01212 0.433476
5 24 30.538464 -13.780633 -1.417212 27.400799 -12.43106 -0.95675 30.611814 -13.204033 -2.200562 30.662905 -14.064333 -0.492229
5 24 30.611814 -13.204033 -2.200562 27.586174 -11.921746 -1.76775 30.871628 -12.422497 -2.723232 30.538464 -13.780633 -1.417212
5 24 30.871628 -12.422497 -2.723232 27.863552 -11.159656 -2.30975 31.278505 -11.554844 -2.905422 30.611814 -13.204033 -2.200562
5 24 31.278505 -11.554844 -2.905422 28.190779 -10.260604 -2.5 31.770414 -10.733222 -2.719601 30.871628 -12.422497 -2.723232
5 24 31.770414 -10.733222 -2.719601 28.518005 -9.361553 -2.30975 32.272469 -10.082824 -2.193854 31.278505 -11.554844 -2.905422
5 24 32.272469 -10.082824 -2.193854 28.795383 -8.599462 -1.76775 32.708282 -9.702447 -1.408447 31.770414 -10.733222 -2.719601
5 24 32.708282 -9.702447 -1.408447 28.980759 -8.090148 -0.95675 33.011448 -9.650235 -0.482741 32.272469 -10.082824 -2.193854

0 // Segment 2, this block is (recursively) generated from "27965k02.dat"
4 16 33.011448 -9.650235 -0.482741 33.135887 -9.933935 0.442242 36.744217 -12.291519 -1.210789 36.476986 -11.858781 -2.04319
4 16 33.135887 -9.933935 0.442242 33.062538 -10.510535 1.225592 36.739716 -12.960939 -0.501324 36.744217 -12.291519 -1.210789
4 16 33.062538 -10.510535 1.225592 32.802727 -11.29207 1.748262 36.464394 -13.765007 -0.022618 36.739716 -12.960939 -0.501324
4 16 32.802727 -11.29207 1.748262 32.395847 -12.159724 1.930452 35.959942 -14.581411 0.152248 36.464394 -13.765007 -0.022618
4 16 32.395847 -12.159724 1.930452 31.903938 -12.981346 1.744631 35.303303 -15.285852 -0.003163 35.959942 -14.581411 0.152248
4 16 31.903938 -12.981346 1.744631 31.401886 -13.631743 1.218884 34.59441 -15.770947 -0.465378 35.303303 -15.285852 -0.003163
4 16 31.401886 -13.631743 1.218884 30.96607 -14.01212 0.433476 33.941154 -15.963087 -1.163821 34.59441 -15.770947 -0.465378
4 16 30.96607 -14.01212 0.433476 30.662905 -14.064333 -0.492229 33.443039 -15.832769 -1.992353 33.941154 -15.963087 -1.163821
4 16 30.662905 -14.064333 -0.492229 30.538464 -13.780633 -1.417212 33.175808 -15.400031 -2.824753 33.443039 -15.832769 -1.992353
4 16 30.538464 -13.780633 -1.417212 30.611814 -13.204033 -2.200562 33.180313 -14.73061 -3.534218 33.175808 -15.400031 -2.824753
4 16 30.611814 -13.204033 -2.200562 30.871628 -12.422497 -2.723232 33.455635 -13.926543 -4.012924 33.180313 -14.73061 -3.534218
4 16 30.871628 -12.422497 -2.723232 31.278505 -11.554844 -2.905422 33.960083 -13.110138 -4.18779 33.455635 -13.926543 -4.012924
4 16 31.278505 -11.554844 -2.905422 31.770414 -10.733222 -2.719601 34.616726 -12.405698 -4.03238 33.960083 -13.110138 -4.18779
4 16 31.770414 -10.733222 -2.719601 32.272469 -10.082824 -2.193854 35.325615 -11.920603 -3.570165 34.616726 -12.405698 -4.03238
4 16 32.272469 -10.082824 -2.193854 32.708282 -9.702447 -1.408447 35.97887 -11.728462 -2.871722 35.325615 -11.920603 -3.570165
4 16 32.708282 -9.702447 -1.408447 33.011448 -9.650235 -0.482741 36.476986 -11.858781 -2.04319 35.97887 -11.728462 -2.871722
5 24 36.476986 -11.858781 -2.04319 33.011448 -9.650235 -0.482741 36.744217 -12.291519 -1.210789 35.97887 -11.728462 -2.871722
5 24 36.744217 -12.291519 -1.210789 33.135887 -9.933935 0.442242 36.739716 -12.960939 -0.501324 36.476986 -11.858781 -2.04319
5 24 36.739716 -12.960939 -0.501324 33.062538 -10.510535 1.225592 36.464394 -13.765007 -0.022618 36.744217 -12.291519 -1.210789
5 24 36.464394 -13.765007 -0.022618 32.802727 -11.29207 1.748262 35.959942 -14.581411 0.152248 36.739716 -12.960939 -0.501324
5 24 35.959942 -14.581411 0.152248 32.395847 -12.159724 1.930452 35.303303 -15.285852 -0.003163 36.464394 -13.765007 -0.022618
5 24 35.303303 -15.285852 -0.003163 31.903938 -12.981346 1.744631 34.59441 -15.770947 -0.465378 35.959942 -14.581411 0.152248
5 24 34.59441 -15.770947 -0.465378 31.401886 -13.631743 1.218884 33.941154 -15.963087 -1.163821 35.303303 -15.285852 -0.003163
5 24 33.941154 -15.963087 -1.163821 30.96607 -14.01212 0.433476 33.443039 -15.832769 -1.992353 34.59441 -15.770947 -0.465378
5 24 33.443039 -15.832769 -1.992353 30.662905 -14.064333 -0.492229 33.175808 -15.400031 -2.824753 33.941154 -15.963087 -1.163821
5 24 33.175808 -15.400031 -2.824753 30.538464 -13.780633 -1.417212 33.180313 -14.73061 -3.534218 33.443039 -15.832769 -1.992353
5 24 33.180313 -14.73061 -3.534218 30.611814 -13.204033 -2.200562 33.455635 -13.926543 -4.012924 33.175808 -15.400031 -2.824753
5 24 33.455635 -13.926543 -4.012924 30.871628 -12.422497 -2.723232 33.960083 -13.110138 -4.18779 33.180313 -14.73061 -3.534218
5 24 33.960083 -13.110138 -4.18779 31.278505 -11.554844 -2.905422 34.616726 -12.405698 -4.03238 33.455635 -13.926543 -4.012924
5 24 34.616726 -12.405698 -4.03238 31.770414 -10.733222 -2.719601 35.325615 -11.920603 -3.570165 33.960083 -13.110138 -4.18779
5 24 35.325615 -11.920603 -3.570165 32.272469 -10.082824 -2.193854 35.97887 -11.728462 -2.871722 34.616726 -12.405698 -4.03238
5 24 35.97887 -11.728462 -2.871722 32.708282 -9.702447 -1.408447 36.476986 -11.858781 -2.04319 35.325615 -11.920603 -3.570165

0 // Segment 3, this block is (recursively) generated from "27965k02.dat"
5 24 36.476986 -11.858781 -2.04319 39.432163 -14.921387 -3.817377 36.744217 -12.291519 -1.210789 39.110504 -14.341085 -4.532466
3 16 39.432163 -14.921387 -3.817377 39.110504 -14.341085 -4.532466 36.476986 -11.858781 -2.04319
3 16 36.476986 -11.858781 -2.04319 36.744217 -12.291519 -1.210789 39.432163 -14.921387 -3.817377
5 24 36.744217 -12.291519 -1.210789 39.426991 -15.673159 -3.195848 36.739716 -12.960939 -0.501324 39.432163 -14.921387 -3.817377
3 16 39.426991 -15.673159 -3.195848 39.432163 -14.921387 -3.817377 36.744217 -12.291519 -1.210789
3 16 36.744217 -12.291519 -1.210789 36.739716 -12.960939 -0.501324 39.426991 -15.673159 -3.195848
5 24 36.739716 -12.960939 -0.501324 39.096062 -16.481892 -2.762351 36.464394 -13.765007 -0.022618 39.426991 -15.673159 -3.195848
3 16 39.096062 -16.481892 -2.762351 39.426991 -15.673159 -3.195848 36.739716 -12.960939 -0.501324
3 16 36.739716 -12.960939 -0.501324 36.464394 -13.765007 -0.022618 39.096062 -16.481892 -2.762351
5 24 36.464394 -13.765007 -0.022618 38.489475 -17.224501 -2.583045 35.959942 -14.581411 0.152248 39.096062 -16.481892 -2.762351
3 16 38.489475 -17.224501 -2.583045 39.096062 -16.481892 -2.762351 36.464394 -13.765007 -0.022618
3 16 36.464394 -13.765007 -0.022618 35.959942 -14.581411 0.152248 38.489475 -17.224501 -2.583045
5 24 35.959942 -14.581411 0.152248 37.699753 -17.787968 -2.685076 35.303303 -15.285851 -0.003163 38.489475 -17.224501 -2.583045
3 16 37.699753 -17.787968 -2.685076 38.489475 -17.224501 -2.583045 35.959942 -14.581411 0.152248
3 16 35.959942 -14.581411 0.152248 35.303303 -15.285851 -0.003163 37.699753 -17.787968 -2.685076
5 24 35.303303 -15.285851 -0.003163 36.847088 -18.086346 -3.053071 34.59441 -15.770947 -0.465377 37.699753 -17.787968 -2.685076
3 16 36.847088 -18.086346 -3.053071 37.699753 -17.787968 -2.685076 35.303303 -15.285851 -0.003163
